#txt,maxent
35
f21
f30
f40
f51
f60
f70
f81
f91
f101
f111
f120
f130
f144
f150
f160
f171
f80
f151
f20
f41
f50
f71
f110
f131
f140
f170
f161
f31
f61
f90
f142
f100
f146
f121
f148
7
c1
c4
c2
c7
c6
c5
c3
2 0 4 
6 0 1 3 4 5 6 
3 0 3 6 
1 0 
7 0 1 2 3 4 5 6 
5 0 2 3 4 6 
7 0 1 2 3 4 5 6 
4 0 1 5 6 
5 0 1 2 5 6 
6 0 2 3 4 5 6 
6 0 1 2 3 4 5 
6 0 2 3 4 5 6 
3 0 3 5 
4 0 3 4 5 
7 0 1 2 3 4 5 6 
4 0 1 2 3 
4 0 1 2 4 
6 0 1 2 3 5 6 
7 0 1 2 3 4 5 6 
7 0 1 2 3 4 5 6 
6 1 2 3 4 5 6 
6 0 1 2 3 5 6 
3 1 3 6 
2 0 1 
4 0 1 3 6 
7 0 1 2 3 4 5 6 
4 0 1 2 4 
1 2 
3 0 2 4 
4 0 2 3 4 
2 0 2 
2 3 4 
2 3 4 
4 3 4 5 6 
1 3 
151
5.9381354232521426
1.5231185345268783
2.8850167857829643
0.28170471418733189
1.4654691392199601
2.0527874584360339
0.78917662182327653
0.80464304549356558
6.6094531649762356
0.96155033391964706
1.6198269159980128
8.03776605705389
2.2851420321698224
0.37038264210066929
-3.7166092803346151
2.674216481874522
-3.3729770689955223
0.87871712376062483
0.88112806944295174
1.9162175136364563
0.77624415919027123
-0.047284703264756645
3.9030034456260161
0.93128521618957938
0.26864422403009158
-1.8921388338080214
-1.1403609036097806
3.2632816601726748
-3.0347334173747509
1.2579353823251489
1.2773718882780005
4.0728538517678894
2.9907349494449007
2.8963933841828307
2.8872863364531969
2.8123790008946936
1.2685628299930702
2.9937354973042312
1.8392086993837853
2.2448948347762117
3.5247631153170365
2.2505241948197487
-3.3304817648416751
3.0261108017389007
2.7013476739200195
-1.1325165718004442
2.3910583644719643
2.2184592635153755
1.1651123317685848
-1.4149680350622573
0.63891440516205866
0.13971792895742277
0.37526923826672337
1.3439253993279781
2.5658679852422779
1.3878632033095097
1.340655581677429
2.3340475070146445
3.7997613220407036
-0.60372806658075684
5.4632617003802357
-0.93694941947086086
2.9716282597442376
4.6313944586208411
2.165328101531522
0.21009260710648422
-1.4826583526057182
-0.99930727956259013
0.99700073163175951
0.25556120236912133
0.42519526917396472
0.59411582190583545
5.1620262063218645
-0.82285719838755766
0.59301902408251017
-0.6566588652361538
0.62839835243577735
0.56734053178683075
0.63572087686507772
3.4652608058258458
1.8339919959491195
2.084938400760993
3.3192514208290755
-2.6507211855397741
-2.1890976924040597
1.8025041305974752
-5.0410928467715861
0.25430657943806828
1.9687867290653198
1.7025928572596269
-1.0925911460690856
1.148391553316918
1.059606273774645
-5.7124105884974536
2.7733308341236564
1.5935730634578731
-0.6406432597135705
1.9769876523081102
1.4242583338303614
-1.4150960354866806
0.92994724425229403
1.2104340896703154
1.3070201749994488
1.5595437525928062
1.0904683007723004
1.043309918304937
-1.0191749371674674
2.6198982298994653
-1.2808841859266948
0.36819177746896126
3.5109995085896757
-0.7265543356782459
5.7149491471109233
3.651388839046982
1.3372474523117754
0.52177333820399607
8.0228306128065547
-0.56765432077943034
4.8591021224344129
-1.3121964709536453
5.0588275352837346
-4.2649836298549468
-0.50194110363679079
-1.0976590508208477
0.97756593944076664
1.8952279914356411
1.5212088036113849
1.4705810498321108
0.68694996936518771
0.15786005058152791
0.49466725283122454
0.17496618608219375
7.7741577381999081
-1.3880994556912889
3.2119692536019331
3.8035044574518357
-3.1758112752891057
4.1090630871550973
5.8698343413591001
3.1151655292530607
-0.74600675275513517
7.3120308656632318
7.0989006014281681
4.8113147235541245
-0.25629627939386768
6.0964185792937551
1.7358751092689479
-0.20838701671023585
-0.16348751983183907
5.3430251392966301
3.7595733963484275
